083020600960305001001806400508102970700000008136708200072609500800203009005010300
000100702030950000001002003590000301020000070703000098800200100000085060605009000
094000130000000000000076002080010000032000000000200060000050400000008007006304008
000000000000942080160000029000000008906000001400250000004000000020008090050000700
000007000090001000000045006000020000036000410500000809000000004000018000081500032
052470000060000000000008010400000009700950000020040030000800090000003706000091000
090000000001006000060080070300000010000039000000050002170400028000003000086000057
000005000020004010030080020000008400800600000090010705006000000950003060003000001
500068000000000060042050000000800900001000040903000620700001009004200003080000000
070021004000030000601000002000000060008600703190000040010000208420900000000000000
000000001007050309004800020000000000030005700009420000000003000001000407060278000
000008003016020907030004600000000000905000200020130009003000020070005000000000400
004020030000809000000000700050037008000000005049060010500000000068000000007040901
000006003009040005320000008000010000001750609200000080000060000000800040470000200
000008020000006930098070001000000000009210000700000096240090000000300180000000003
002046000004080005070030009000002000305700000700000400006000093000054078000000000
003000040400200000000090026000070000010902000260000008500007000000060803300000069
000000003005002014000080060000000000946000000030004206000700000000030680070291000
020000000000004800054018030700001004000086050000000600000000100000020009230400005
009043000000000030410070000000000000800500060040006002000000010004098006700600520
040012050000300006008007009000000103317000000400009080070000000000800000090620805
005000080000000931090040000007000000000504008950000020040025000020006100030809004
000000000008901300021067000000000000007010024200300009010009000050000207700608003
000000010006003904040000720000030500850000600300010000000000002720600090080047100
000000003070002000130009006000000070610320005093004008060050000000008509000470000
007020000904650000000403000300000091700906030000000005005000800020080007008001050
080706000467009000000000040004097000701000084090000020000002000029070000000350006
000002000020080040000001050000006010703040060100070903800700009400000006500090400
000000070036000809000900506000400600048000700020070010003540900004013000000007400
107000809000070003000400001090005204600790000000042000070001000010950006050000300
000010000800400000070003510000000900607100430000700085060235070000000050930000600
000320500090050021000008000086004000000006140100090062000000090500060008001040006
000260701680070090190004500820100040004602900050003028009300074040050036703018000
059030100000000800000800032020000000900000580360007004090780005000050010002003700
090000000780302000002006400000090000800004709001230000000000900600700204034500001
000000009024059003750000060000000000070030890000065742800002000000006010043008000
000003040708000009034010500059000208000001000307600000090000000000030850860000037
000007002006000000000168057000000300600780000019006074040002001060040200008000090
000600790002000300000000608806009040057000180000004000900006003040010000201043000
007000000000000036420000008004003002700001409002900870000000900290870000001250000
050010000008000304000050800090000000007009003001700900900002001000504260600097400
300010000075000004008060105200009000091000203006200010040000000050008600600050070
027000080006000050008902004500600000090003810000580400060000000000409030030200700
000000400100007092087060050000000000000056004050042038000004001049000000001500907
090070000700020080000801000600005040000000003030004016080059000014008009060100070
480020900002090045000500100010003400093800600000600070050060200000000081009000000
020000000700502000008070405902010008030060079040000300000100000010006002000098700
000004503002300070030150000010700006000000900000062800905200000060040710300500000
060000004001403680000090000002600003000007810340900070003700000007000040054000001
000000008003001050078009300006000000500003007000208641207015000010000700000900006
000000000002004050090170408000000070001000925905001000030020000000000704104680009
090000008000805000007090030030020000000400000020036010014009300300010900005380004
000080000140000000067090010000004085000032100070000632900320008050060000000000023
000050004000009000000080917005000700000872000021400008000008005003001270400590000
010400003003200950000805000000100078000000405007000390309004000006003080250000000
047000008000201590100000000000000006004006700800070005200900100001708060000013070
059002006070000509010000000000160000100000307900037004007000000023006098500000400
000005602000407080004000000049008000030100400006002000050200007900700306000501090
000080045050000800060490070400000007500730900003900000001000080700100203008020000
000530000005000600000190503000004000000000164100370800008000040010000008004700921
031260004400019000000004006000000050060008020000056300010900000028000001003000290
800000000000000350203070000400090003107605080030020076000000064050800000004309000
005009400001806070000003500000001004000400698086030000800000060050000002037000005
500000060408507000026000000003050008600000520100000907200040006700009000005730000
050000900600091000001750000020040300010000090306000004030068200000000400165300000
607000100400900603090000000000500020030000040049300000100405009300002060000010038
013000040600300000005000801009605000080230076030008005000806000050000400000020003
002008000400706100000020908000000000003860000000054083700000009100090460200003050
000000000070205608008900072020000060009006285007000000000042000005300007040007500
040000000300000067500900001006790030102300000000020905015000083200400000400030000
280000100300162000000400000050007000000000003000000980600078031703000004820603000
200405601000002000003070508007209010850000900090000004020100000000000003100800006
140007000000000200700000090000300000090400002030950010000061300053000001002030974
008009003200100006070080200046000000000032000300006040032007500000000061501000020
000800000000620004409003010000000070040130000061000900000060008095000047308000059
040000000300205000009304002026000070000580000530000000000108760000730908005060000
000060010002000450003000009090100000200806000001205090300000600620070004400000170
003000090090305010000900002002008006104600500000000084000090070610000050020000061
003005049009000031650000000010900070006040000007086053000060090000000000090030108
000400070000500020090008000009302010720054006004000090000200030036080001000000709
041805009009070058030000000000002600300060025000500097000006902010040000007000000
000050300018000400000106852000005000800070010706003009002008000000940000000020508
000000000000187600000920570000600000002009005090000863200000000000004090060093781
000010020009000067054032000400000000302501780000780030000200000000058000508000006
000000000005063009008400000000000600002001007500600483090030000000700090630059024
000600000075040030800009040030002058002000091009000000000000000023106080008307400
900003610000000000036005000803050100060004070400020000000070000000012905041000860
009000000301000800587000002000100400040703600000052007700010060050000000000030251
000005000090040218004020090000000007900061004006000000200080300070600809100590000
000002900004000051000001002073904000800070000001003807050000090420030000006058000
400903007300708091000000006080024000000600000640005003050080010107000000000000045
002009000006500010030216009080000000023908600401000000000040070300000000005003208
000000005000079306400000907000000000210608000850400102000000000090037000700510804
090000008003400520081050000010005000020900047000070002000060705000580300700009000
000004000079000060020060415005020000706053009002070001067080002000000850000000000
063000050000800001050006009006090107009100400000072000075000004000240005000000960
000000000000098020000051030000004009050900000208700005001400300064070052005000804
906320010000006250005070000030000007009050100007863000503000060000010000000507000
000000000400000003051004620000000000040500016023716094000000000060023001005009800
300000400010809000780000000000074000000030016023090700007300008000000001058020064
000005002030700004500962081000000805093080000001000030000000043000000100000354900
080003040035094000900608005100000200020080054070006000000000000000000030302500908
000010300000006074053000080560000000704000138010000000600070050040060020020045000
000609700009072050000800090600780400000000070100023000020000000000500061306007500
050007010000209000014800070003000000020500008040378000500000090000082007100400006
000000000000037095000690207000000000200059070300260540000042000008000030009070420
009000000000005628000001500820040000000003000000010456050120060007004002080070900
003020100060000002020610000000031040000000006050000030008900000605200001370008650
070900500000000208000768003000000000500090120021080000300000000050029000400815090
510000043300050000000000080700000000000400029203180065000000000490200300071090006
000000000080030090070000853400000006050100400000740030100480009509003001000601000
000000000400670005002003000000010020006008009700300100010009008247000003038700040
801000002000000500020001470060570100210903000000000005300090008000200360002040000
000700000705200090012004000000300087000500100020140005040060309100005000900000001
056000004040001060000800000700090058000008003000050209000000000569000027087400005
000070030800005070000830920700000400400600000020009700130060000040000500087003200
420000016100003000008400007000000000090510000060000100005060809000000670710004503
180000040030406000002070000000050000073000205028300006000000400000009050000204973
000000400053000000000701080000072060000360005020000934000004007580200001902007000
070000000600502000000874010050100000007203050009000024020060070300010008010000030
540908600070000000000060400061000058000000002408023000000080000005602000800105060
901005030000406081060000009430000800002014000000200000015000740003800000000000390
000000000009000307048130600080000406024070000107003080010008000000000005036409000
040008000205000070080020000009300007003600051001040603000900000000000920002730006
000000008706002000003000142900080064000026090400590000600007050050000820000004000
000000058000700000800092300000000000030260007010839200009070005001053020004000900
000000000000070004000946578000000406007500000684100000002050600009008001076000040
070000540140000000000015008004007003000004015002601000000090300007000020609570000
040000008806005000700000005000100500900000610460007203500980000200006000004000091
600000007970250010048090002000760000210000000080045000000079000420000300000500080
020008004060009020001073000092010800700800000080060010800005200000000400034001000
000710080050000030790008010000050000360007800400020050000000005100540003004102000
000010004000024368700000001000500000003008970000073085096000000000090016230000000
056000001980000000300007060000000000460023000000090350090800000015302070030740000
100000000400073001000000456000090000000487600040002005300000500061009040090500080
000000001286004000300090520000000800048300007900080260060100070000000405009400000
000000000021079004000003821000000000600450003030008500000000006000100430046002079
000006080950000600020750400000080000000020356090305000100004000080030000032600008
000000000000000850073500000000002060002070091008904507000000004067050200200096070
009000000002056930003009506000000004000800670300000850060100000400020008080703000
098000070000000100054600009009847000060000000040006013000000005000500702080070340
000009005304000000000100930260000000000000009108006740500008300007010092000040560
000003000000700040700010030000081790900420100007006000003000210008000400510008009
000040080006200000540000002000008060015060004002070050004007003020000001030150007
002030000010000000608017902070000000006704200023000040000000700907000064000908100
000000000007800356080603029000000000050002000000300587009000060001000703060054002
000000038004000000062340000090000006007005040203006005006804700085003200000070000
060003000000510000400080003030000950008060007000750001001000300050800010002000574
000050000005004020070000031010000000000409200000230604000000000130045089049001005
800000000047000009900000001000001800050094700000607310004106000000700403005003006
000000000003500008128009300000000000601000900094005683000000009007098200400360000
000000000900012080060008004000000000100009076600500308000040007570200000306070059
000100000000050960000300147006500002519000000000070010030026000900814050080000000
000000806070000000000000532009008000005900300030040090000806025020193080600500000
000002000030010204804605090006000000007100508000304900001000000000050000050040871
010000000030000070000090206000020007067010042000605900080000060104800000600203004
000000080070000060040063057900000040000000100001580000400370005150006000090801600
000000900010003502009020017061000000000350040007600005600705000000038120000009000
800000030007002050005040280002000000960001000400070003006500000004090000009603025
087020016050000700000090000065000000000600904090002083000000047003008001500010030
001000000000300190005290064000004000000530480700000009030400006008006005007010008
503080090800740006000320001980100000070450028000000300047000000000060000600800000
568000000070800090020070100000000000600010802480302000007004003000000709301900000
010000004000000060305010070080900003000085006900100005056000020400001000003007480
400001009080002007007800000000000000390007401008100032050008000006000000002794010
000008090004100300502060000000000000000381050000005078700000000680907400905016000
007000000300010400086500023000003008070080040000001076000095000001006050000030760
040010068000000594080059000007003080304006000000100000050800703000000000800032009
000003400070090000500120078000000006059000010000302950060000000041200060003905000
000090008100000070000067200006700001400300020270006000005002103040008000060030005
080000000007300814103006020000000008030000051004000203090730000000000002700801600
000600000010000807608010000000700620000050400000034978100090002005300000007500030
023004000000000000009830040000700081500080400080006000000200010150000009092300508
000002000010000700627040000000009000000000801700018695000100006002000049503024000
000000000704005060086200003000000007000030906060010030000001000000840009893006015
000000000065400000700506010009000100540070090087000503000000020200010300806700900
000009000000000100602080390700010000046070001100056030000000500390200800074100000
070060200040005003050180040000050706001079002000000010300010807800030000000006000
000100000070008020130005900017000004000700600362000007020040000090001800000960005
000000000002003605073060200010030050000607940000400800100008500000000000804092070
080057000000000060020300704160000000000000080700904610690500000030000040005038006
000000000000002650100865027000000000900658000860003009000007000048300001500009200
000000000400501009980706010000000000094008000003000185000003000000900200308154900
008009301000800007090015000000040006605000020240070010000007000000260008801000600
600100000013702000200040080076030005000009000300010008002400000901070300040000009
900008004000010260036000000500940600070200000000000052098001006000804710000050000
000000010008000005000000894020060000500490007000071300050009000892005000730040020
000000006096004820030000000000086000172009000003700000000470000500090002061200507
003600000200000000090000000050003009900400057480065030001000020700300005540002001
009007060000009800020000400003000000960104000080200005000040902001900046200300070
000000000802000003015309000300000000020080607976500000603000100000800204040000506
000000060000084500005000400100070000027000006094000002540009010079005200030400070
320060010000100000001000872102009008900070000700000300000000004006001000075004980
000000024520000900004000570040700060010090040000003007000900000360020008080010705
007000000405060000010009035700000000000620019104900300000007400000010002008452000
800500000450003001000040000003610079000002500080700610610400090030020000009006000
007000000080700051000820004000000000730500600012400089100035008008900000003040100
000000000000801000180927060000000073263000100050090000000000002807050630340700009
200900100006004500700052046000600003830001065000000070004078000501400000080000000
308000000000000092100067300040900000090031724003720060000010048600000030000000006
000050007049030080050400200800000000036700001002600070060001028100200056000000009
001200008080510040000003050000000003405700001003000520000070000010002070907800430
000008006400902000001074000002000030004007025007050409000100000600009051030005004
000300000800020540951700080002006050000002009100007020010000006030008000006000498
007020000300514007050000002000000000700038059695001000021000000400005080070000403
030000000000009460007135000000001006086370040000008000005000700029010005004500390
000000010000690038000000609080010300007006090009003864000300000000001087900064500
008025010020000003047003500015009000900300000380010040000004000050790800002600000
010000000900000503050120790400008060006900108070300020000480007005030400000005000
002000010408010006070000040000900407746000000009000080500302000804000000600409570
000408102080090000450032000000007000007001280030009400700000600590000870000000904
000020000002005093154038000080000000409000602005000000500000130040003060700004205
000000000000070309038009650020500090050002006800710020010000000000100730704650000
000030008001600050608905100100000000320070006070068000000000200000406900000017560
020054300098000007004090006609020008003800000200903005000035000000270000000400002
000000000000207001067003204000000008004750090085010400001004900830000000000085310
000000600800901003001230000000000000039000500057019046000062000020508360008000005
001000025000000000940300870003026500020005004000030010309700600400090000000060093
000000030076400000030029700000000000001960040803017000507001003684000005000800002
000430600090000000007010093000300000050021900021600005800000209006000080002040056
000039002017080000000607500004000000800000050005890100002000049040023800301004000
040000008000006000207840603708100260000700030009030000050000000000300125300021000
007000000000080560508067000000003080070920000020746005009000046040001000002600100
060000008000040000830007900002001000900030070600502001006003000080200103050009406
000005000000720103000801000001006000730050960000010520008002000050004030070580004
020000010030000702100907000000004200040300050380709060060001020800000001005006008
004001000020076004007090002000000200010360000000004501030100000102903007000007305
207800400600000007040000080050009032000000900030280000004005600000400570300601009
500040000000800200002005840009600400000050000000124950008060000100407020063009000
000000001005600420000150063030000000400072000096800000004200007001060005679400000
003006002500021700801030000000000000000005920605080340000090000007003500040507001
100000980600080010025000060006402000009000630008760090000000003000054100000208009
000000000407380000000052040000074500000530280060090070008400701703000006006000090
001000000003970085090008023000007000932000070004090810005080000760000400000400060
078000090010070500005903100000100000290000301000402009709000006000020050050006002
000000000960004108543000000000000006080009053705080900007003480054002000000048000
009000040200030170800000002000000006002053008306091700000140000600085300001000007
000000001020160307000038600009003000100049200062700400000000100004800005070000046
003000000900000300485003700200001000064800000300027080000010070000704600800006930
250001000000008060003000401004806090009040800010029040905307000060050007000000000
090000080300500001280400000510060000004000009902300700100870200000904850000003000
002019030800000010001800009000001076004000081000670200000000500900020048400008900
058403000040000050000008000000006009900540300407020500070600001000002040501080090
000009000007086000600300000040007008000000032003605100060700080302000490054800003
000000000007080005000000893000001050000300906406005087000070000020008500704039608
740005000501040906090000000000000100000402680008700042002000003000620700980003000
900001080060038100010600000090006802002000003030070060750000000009017034000080000
008000012000019005900400806042037000091500007000000000080000700000398020106000000
000040003000900080004300019600009007008100000003700150040000000106003500705000230
005000000034000010816035000070080000000903240200000050000000081000001003300006592
